52
54
53
52
53
45
53
51
51
51
55
46
45
53
48
53
41
60
43
38
42
45
45
45
49
52
48
37
46
62
38
63
62
58
41
48
39
52
44
63
48
45
42
65
43
40
51
61
46
46
48
46
46
57
53
56
47
46
39
42
40
52
60
53
54
46
45
46
48
47
50
45
62
40
52
57
47
56
39
62
60
58
40
40
51
65
48
48
46
46
44
55
49
47
46
52
51
46
48
48
47
48
45
43
41
56
63
42
44
35
47
52
59
43
59
35
57
43
40
46
43
37
55
44
55
56
34
43
38
38
35
52
56
47
39
38
53
45
46
42
39
47
39
40
36
35
40
39
39
45
44
43
39
45
45
40
46
40
49
44
41
38
46
59
55
59
39
57
43
42
60
60
38
57
44
43
38
35
44
59
38
53
38
52
44
47
62
46
54
62
37
38
38
48
44
58
62
57
60
39
46
38
51
59
53
60
48
37
41
37
40
38
43
37
39
55
60
52
46
38
42
59
52
48
49
59
38
55
38
52
46
59
39
55
39
38
38
43
37
42
35
34
38
37
35
38
35
44
41
44
45
35
48
56
42
52
57
52
36
46
36
39
45
38
44
40
40
42
53
39
38
40
45
37
43
46
60
48
56
55
38
55
56
41
52
48
38
55
35
35
53
38
45
38
47
43
44
37
37
37
36
40
40
39
46
46
35
47
42
39
40
37
37
48
43
48
43
46
43
42
44
40
48
47
45
44
39
39
46
46
41
44
39
45
44
38
40
42
39
40
40
39
47
39
39
45
42
45
42
40
47
42
52
52
37
39
35
48
50
34
52
35
52
47
56
39
43
47
39
44
42
57
47
48
40
48
60
107
80
88
86
77
76
78
79
80
86
75
75
78
81
83
88
76
86
80
87
83
86
88
77
88
79
86
88
79
87
87
89
87
86
78
89
86
79
87
83
81
82
78
75
87
75
73
74
85
83
80
74
83
83
86
84
86
75
77
83
76
77
80
83
78
86
74
74
81
83
82
81
86
75
75
68
71
69
71
83
80
74
81
79
79
83
75
76
78
72
69
72
68
81
74
74
80
83
73
87
87
80
107
107
107
107
107
107
107
107
107
106
107
107
